function Tgrav = codegen_gravityTheta(in1,in2,in3)
%CODEGEN_GRAVITYTHETA
%    TGRAV = CODEGEN_GRAVITYTHETA(IN1,IN2,IN3)

%    This function was generated by the Symbolic Math Toolbox version 8.4.
%    29-Feb-2020 13:12:22

% Regressor generated to work with the following theta matrix:
% 
%  T =
% 
% 	m_2 - 3.7037037037037037037037037037037*m_2*r_cx_2 + 11.111111111111111111111111111111*m_3*r_cx_3
% 	m_3 - 11.111111111111111111111111111111*m_3*r_cx_3 - 3.3898305084745762711864406779661*m_3*r_cz_3 + 3.3898305084745762711864406779661*m_4*r_cy_4
% 	m_4 + m_5 + 3.3898305084745762711864406779661*m_3*r_cz_3 - 3.3898305084745762711864406779661*m_4*r_cy_4
% 	m_2*r_cy_2
% 	m_4*r_cx_4
% 	m_4*r_cz_4 + m_5*r_cy_5
% 	m_5*r_cz_5
% 	m_5*r_cx_5
% 
% Robot make ID: 172193136101978c4f7794a472c8bc64
m_2 = in2(2,:);
m_3 = in2(3,:);
m_4 = in2(4,:);
m_5 = in2(5,:);
r_cx_2 = in3(4);
r_cx_3 = in3(7);
r_cy_2 = in3(5);
r_cx_4 = in3(10);
r_cx_5 = in3(13);
r_cy_4 = in3(11);
r_cz_3 = in3(9);
r_cy_5 = in3(14);
r_cz_4 = in3(12);
r_cz_5 = in3(15);
t2 = m_3.*r_cx_3.*1.111111111111111e+1;
t3 = m_3.*r_cz_3.*3.389830508474576;
t4 = m_4.*r_cy_4.*3.389830508474576;
Tgrav = [m_2+t2-m_2.*r_cx_2.*3.703703703703704;m_3-t2-t3+t4;m_4+m_5+t3-t4;m_2.*r_cy_2;m_4.*r_cx_4;m_4.*r_cz_4+m_5.*r_cy_5;m_5.*r_cz_5;m_5.*r_cx_5];
